===============================================================================
| Program : BRIDES 2016                                                       |
| Authors : Etienne Lord,Vladimir Makarenkov (Universite du Quebec a Montreal)|
|           and Francois-Joseph Lapointe     (Universite de Montreal)         |
| This program computes the similarities in path between two related networks.|
===============================================================================

Done loading euk_photo70_1b.txt...
Done loading euk_photo70_2b.txt...

=============================== PARAMETERS ====================================

-=[Multicores support]=-
Maximum threads  : 48
Number of cores  : 48

-=[Input files]=-
Networks         : undirected
NetworkX         : euk_photo70_1b.txt
NetworkY         : euk_photo70_2b.txt
Nodes in networkX: 369
Nodes in networkY: 389
Total K nodes    : 20
Total paths      : 67896

-=[Run parameters]=-
Running mode     : normal
Edge distance    : no weights used
Group size       : 1000
Number of groups : 68
First group      : 1
Last group       : 68
Maxdistance      : 100
Maxnode          : 100
Maxtime (s)      : 10

-=[Miscellaneous]=-
Seed             : clock time

===============================================================================

============================ PARTIAL RESULTS ==================================
Group	B	R	I	D	E	S	Total	CPU time (ms)
68	0	52	0	775	64	5	896	13964700	
50	0	41	0	835	123	1	1000	14251040	
65	0	36	0	898	66	0	1000	14551030	
43	0	60	0	842	97	1	1000	14321850	
64	0	39	0	826	114	21	1000	14395130	
52	0	38	0	885	76	1	1000	14536210	
48	0	41	0	887	71	1	1000	14908420	
66	0	67	0	848	84	1	1000	14848400	
13	0	53	0	834	111	2	1000	14668370	
5	0	33	0	930	35	2	1000	14944130	
37	0	42	0	921	37	0	1000	14980690	
23	0	60	0	902	36	2	1000	15118280	
3	0	35	0	910	52	3	1000	15357060	
46	0	64	0	805	130	1	1000	15113530	
58	0	43	0	865	88	4	1000	15034690	
62	0	52	0	870	74	4	1000	15263860	
49	0	77	0	786	134	3	1000	15028530	
56	0	84	0	877	32	7	1000	15108390	
61	0	118	0	799	69	14	1000	15681270	
15	0	57	0	922	19	2	1000	15352530	
19	0	71	0	876	49	4	1000	15865770	
33	0	52	0	878	69	1	1000	15828500	
39	0	38	0	846	115	1	1000	15789730	
63	0	116	0	731	137	16	1000	15971320	
59	0	54	0	803	140	3	1000	16179060	
17	0	35	0	936	28	1	1000	16147090	
67	0	78	0	823	94	5	1000	16183920	
9	0	50	0	903	45	2	1000	16046220	
57	0	83	0	844	71	2	1000	16243300	
11	0	84	0	856	53	7	1000	16185590	
21	0	66	0	893	38	3	1000	16108520	
7	0	62	0	881	55	2	1000	16253560	
51	0	93	0	835	68	4	1000	16127820	
45	0	76	0	801	120	3	1000	16419000	
47	0	62	0	897	40	1	1000	16492970	
42	0	101	0	742	146	11	1000	16633630	
25	0	96	0	841	60	3	1000	16713410	
54	0	81	0	852	65	2	1000	16689620	
53	0	77	0	862	58	3	1000	16832470	
60	0	100	0	818	78	4	1000	16680920	
27	0	73	0	860	66	1	1000	16824100	
55	0	68	0	812	117	3	1000	17147810	
41	0	114	0	796	84	6	1000	17355350	
1	0	89	0	859	47	5	1000	17408330	
35	0	90	0	827	78	5	1000	17745520	
31	0	121	0	815	57	7	1000	17763360	
44	0	61	0	795	142	2	1000	17844270	
29	0	43	0	765	192	0	1000	18904860	
4	0	49	0	717	229	5	1000	10099350	
22	0	38	0	725	124	113	1000	9764320	
16	0	26	0	921	51	2	1000	10665920	
10	0	29	0	899	66	6	1000	10439350	
18	0	29	0	906	62	3	1000	10708750	
6	0	35	0	908	55	2	1000	11791320	
38	0	60	0	792	143	5	1000	11846010	
40	0	1	0	891	108	0	1000	11129760	
14	0	0	0	1000	0	0	1000	12232290	
20	0	24	0	896	76	4	1000	11481720	
12	0	37	0	864	96	3	1000	11002600	
24	0	70	0	829	94	7	1000	12202570	
34	0	43	0	790	162	5	1000	11776000	
26	0	46	0	882	69	3	1000	11077680	
28	0	38	0	866	93	3	1000	10953200	
8	0	25	0	898	74	3	1000	11512070	
32	0	41	0	883	74	2	1000	10369980	
2	0	22	0	908	65	5	1000	10662050	
30	0	34	0	871	92	3	1000	9470970	
36	0	20	0	857	122	1	1000	10770370	

================================= INFO =======================================
(B) reakthrough : pathway impossible in network X but possible in network Y.
(R) oadblock    : pathway possible in network X but impossible in network Y.
(I) mpasse      : pathway impossible in both X and Y networks.
(D) etour       : pathway shorter in network X than in network Y.
(E) qual        : pathway of same length in networks X and Y.
(S) hortcut     : pathway longer in network X than in network Y.

================================ RESULTS ======================================
	B	R	I	D	E	S	Total	Time (s)
	0	3893	0	57967	5679	357	67896	1749
===============================================================================
