===============================================================================
| Program : BRIDES 2016                                                       |
| Authors : Etienne Lord,Vladimir Makarenkov (Universite du Quebec a Montreal)|
|           and Francois-Joseph Lapointe     (Universite de Montreal)         |
| This program computes the similarities in path between two related networks.|
===============================================================================

Done loading viruses70_1b.txt...
Done loading viruses70_2b.txt...

=============================== PARAMETERS ====================================

-=[Multicores support]=-
Maximum threads  : 48
Number of cores  : 48

-=[Input files]=-
Networks         : undirected
NetworkX         : viruses70_1b.txt
NetworkY         : viruses70_2b.txt
Nodes in networkX: 369
Nodes in networkY: 2841
Total K nodes    : 2472
Total paths      : 67896

-=[Run parameters]=-
Running mode     : normal
Edge distance    : no weights used
Group size       : 1000
Number of groups : 68
First group      : 1
Last group       : 68
Maxdistance      : 100
Maxnode          : 100
Maxtime (s)      : 10

-=[Miscellaneous]=-
Seed             : clock time

===============================================================================

============================ PARTIAL RESULTS ==================================
Group	B	R	I	D	E	S	Total	CPU time (ms)
3	0	440	0	560	0	0	1000	13598640	
33	0	424	0	576	0	0	1000	13798720	
5	0	397	0	603	0	0	1000	13603340	
48	0	445	0	555	0	0	1000	13848250	
17	0	465	0	535	0	0	1000	13920380	
9	0	497	0	503	0	0	1000	13857580	
23	0	529	0	471	0	0	1000	14025880	
7	0	488	0	512	0	0	1000	14076160	
27	0	567	0	433	0	0	1000	14032860	
37	0	531	0	469	0	0	1000	14067430	
13	0	486	0	514	0	0	1000	14011660	
46	0	498	0	502	0	0	1000	14150780	
68	0	459	0	437	0	0	896	14975700	
54	0	519	0	481	0	0	1000	14342160	
21	0	397	0	603	0	0	1000	14299320	
49	0	484	0	516	0	0	1000	14447350	
15	0	507	0	493	0	0	1000	14425010	
43	0	352	0	648	0	0	1000	14468580	
19	0	502	0	498	0	0	1000	14523120	
11	0	512	0	488	0	0	1000	14366290	
52	0	534	0	466	0	0	1000	14608440	
47	0	369	0	631	0	0	1000	14710050	
25	0	513	0	487	0	0	1000	14765830	
56	0	434	0	566	0	0	1000	14701460	
51	0	501	0	499	0	0	1000	14878840	
62	0	484	0	516	0	0	1000	14915610	
65	0	476	0	524	0	0	1000	14898700	
64	0	471	0	529	0	0	1000	14868480	
50	0	490	0	510	0	0	1000	14843880	
55	0	574	0	426	0	0	1000	15049700	
66	0	497	0	503	0	0	1000	15246350	
39	0	538	0	462	0	0	1000	15232910	
53	0	470	0	530	0	0	1000	15263350	
35	0	506	0	494	0	0	1000	15391460	
45	0	474	0	526	0	0	1000	15473690	
58	0	466	0	534	0	0	1000	15553670	
31	0	498	0	502	0	0	1000	15606900	
57	0	523	0	477	0	0	1000	15778390	
59	0	502	0	498	0	0	1000	15735930	
60	0	572	0	428	0	0	1000	15713670	
42	0	478	0	522	0	0	1000	15849720	
41	0	506	0	494	0	0	1000	15868860	
63	0	525	0	475	0	0	1000	15934780	
67	0	508	0	492	0	0	1000	16165270	
44	0	492	0	508	0	0	1000	16285330	
61	0	548	0	452	0	0	1000	16275150	
29	0	516	0	484	0	0	1000	16943360	
1	0	617	0	383	0	0	1000	14965830	
10	0	64	0	936	0	0	1000	12274750	
4	0	92	0	908	0	0	1000	12495220	
6	0	77	0	923	0	0	1000	12328820	
8	0	68	0	932	0	0	1000	12314990	
18	0	54	0	946	0	0	1000	12381220	
38	0	128	0	872	0	0	1000	12371970	
24	0	144	0	856	0	0	1000	12443640	
34	0	131	0	869	0	0	1000	12852280	
16	0	74	0	926	0	0	1000	12545350	
22	0	114	0	886	0	0	1000	12615820	
26	0	74	0	926	0	0	1000	12336680	
12	0	92	0	908	0	0	1000	12461090	
36	0	96	0	904	0	0	1000	12140110	
20	0	71	0	929	0	0	1000	12981150	
40	0	44	0	956	0	0	1000	12485780	
32	0	55	0	945	0	0	1000	12087870	
28	0	117	0	883	0	0	1000	13389700	
14	0	22	0	978	0	0	1000	13844520	
30	0	54	0	946	0	0	1000	11675000	
2	0	44	0	956	0	0	1000	10559340	

================================= INFO =======================================
(B) reakthrough : pathway impossible in network X but possible in network Y.
(R) oadblock    : pathway possible in network X but impossible in network Y.
(I) mpasse      : pathway impossible in both X and Y networks.
(D) etour       : pathway shorter in network X than in network Y.
(E) qual        : pathway of same length in networks X and Y.
(S) hortcut     : pathway longer in network X than in network Y.

================================ RESULTS ======================================
	B	R	I	D	E	S	Total	Time (s)
	0	25196	0	42700	0	0	67896	4011
===============================================================================
