===============================================================================
| Program : BRIDES 2016                                                       |
| Authors : Etienne Lord,Vladimir Makarenkov (Universite du Quebec a Montreal)|
|           and Francois-Joseph Lapointe     (Universite de Montreal)         |
| This program computes the similarities in path between two related networks.|
===============================================================================

Done loading euk_nonphoto70_1b.txt...
Done loading euk_nonphoto70_2b.txt...

=============================== PARAMETERS ====================================

-=[Multicores support]=-
Maximum threads  : 48
Number of cores  : 48

-=[Input files]=-
Networks         : undirected
NetworkX         : euk_nonphoto70_1b.txt
NetworkY         : euk_nonphoto70_2b.txt
Nodes in networkX: 369
Nodes in networkY: 388
Total K nodes    : 19
Total paths      : 67896

-=[Run parameters]=-
Running mode     : normal
Edge distance    : no weights used
Group size       : 1000
Number of groups : 68
First group      : 1
Last group       : 68
Maxdistance      : 100
Maxnode          : 100
Maxtime (s)      : 10

-=[Miscellaneous]=-
Seed             : clock time

===============================================================================

============================ PARTIAL RESULTS ==================================
Group	B	R	I	D	E	S	Total	CPU time (ms)
23	0	61	0	863	76	0	1000	13425400	
13	0	58	0	882	60	0	1000	14003050	
46	0	70	0	850	80	0	1000	14021920	
5	0	37	0	947	16	0	1000	13985760	
68	0	81	0	804	11	0	896	14343330	
52	0	44	0	914	42	0	1000	14207960	
3	0	42	0	937	21	0	1000	14397780	
65	0	55	0	927	18	0	1000	14546710	
33	0	55	0	929	16	0	1000	14721980	
48	0	48	0	934	18	0	1000	14427860	
59	0	90	0	849	61	0	1000	14553510	
11	0	80	0	885	35	0	1000	14618340	
64	0	55	0	926	19	0	1000	14589110	
44	0	117	0	785	98	0	1000	14921120	
21	0	72	0	917	11	0	1000	14721680	
62	0	72	0	912	16	0	1000	14825740	
49	0	80	0	849	71	0	1000	14801130	
66	0	84	0	894	22	0	1000	14794800	
50	0	77	0	910	13	0	1000	14707060	
9	0	53	0	929	18	0	1000	14885780	
51	0	90	0	884	26	0	1000	15048180	
37	0	51	0	937	12	0	1000	14859750	
39	0	95	0	860	45	0	1000	15083350	
15	0	43	0	952	5	0	1000	15216970	
29	0	142	0	770	88	0	1000	15378750	
47	0	64	0	923	13	0	1000	15216400	
7	0	65	0	919	16	0	1000	15203220	
61	0	143	0	846	11	0	1000	15494340	
60	0	109	0	834	57	0	1000	15338910	
19	0	93	0	891	16	0	1000	15201940	
17	0	54	0	943	3	0	1000	15332980	
58	0	78	0	890	32	0	1000	15437650	
55	0	120	0	852	28	0	1000	15443340	
67	0	107	0	888	5	0	1000	15651090	
57	0	107	0	837	56	0	1000	15536520	
54	0	93	0	888	19	0	1000	15507620	
43	0	69	0	931	0	0	1000	15487670	
56	0	90	0	898	12	0	1000	15500030	
25	0	101	0	878	21	0	1000	15889880	
53	0	89	0	895	16	0	1000	15965350	
27	0	81	0	896	23	0	1000	15834870	
41	0	131	0	856	13	0	1000	16080400	
35	0	135	0	843	22	0	1000	16212310	
63	0	139	0	832	29	0	1000	16494250	
1	0	106	0	879	15	0	1000	16427940	
45	0	146	0	841	13	0	1000	16681220	
42	0	137	0	862	1	0	1000	17182140	
31	0	137	0	846	17	0	1000	17092420	
4	0	52	0	838	110	0	1000	10931330	
24	0	72	0	910	18	0	1000	12296470	
34	0	54	0	860	86	0	1000	11803220	
14	0	0	0	1000	0	0	1000	12137990	
6	0	34	0	955	11	0	1000	12072330	
12	0	47	0	913	40	0	1000	12163680	
40	0	4	0	925	71	0	1000	11763840	
10	0	34	0	945	21	0	1000	11971350	
30	0	40	0	914	46	0	1000	11737600	
22	0	42	0	883	75	0	1000	12331440	
18	0	27	0	930	43	0	1000	11651130	
16	0	29	0	952	19	0	1000	11985750	
8	0	34	0	934	32	0	1000	11819670	
38	0	62	0	886	52	0	1000	12103590	
20	0	33	0	955	12	0	1000	11929020	
26	0	42	0	924	34	0	1000	11911580	
28	0	44	0	908	48	0	1000	11860210	
36	0	19	0	914	67	0	1000	11871710	
2	0	21	0	966	13	0	1000	11626800	
32	0	34	0	945	21	0	1000	11084380	

================================= INFO =======================================
(B) reakthrough : pathway impossible in network X but possible in network Y.
(R) oadblock    : pathway possible in network X but impossible in network Y.
(I) mpasse      : pathway impossible in both X and Y networks.
(D) etour       : pathway shorter in network X than in network Y.
(E) qual        : pathway of same length in networks X and Y.
(S) hortcut     : pathway longer in network X than in network Y.

================================ RESULTS ======================================
	B	R	I	D	E	S	Total	Time (s)
	0	4870	0	60871	2155	0	67896	2557
===============================================================================
