===============================================================================
| Program : BRIDES 2016                                                       |
| Authors : Etienne Lord,Vladimir Makarenkov (Universite du Quebec a Montreal)|
|           and Francois-Joseph Lapointe     (Universite de Montreal)         |
| This program computes the similarities in path between two related networks.|
===============================================================================

Done loading plasmids70_1b.txt...
Done loading plasmids70_2b.txt...

=============================== PARAMETERS ====================================

-=[Multicores support]=-
Maximum threads  : 48
Number of cores  : 48

-=[Input files]=-
Networks         : undirected
NetworkX         : plasmids70_1b.txt
NetworkY         : plasmids70_2b.txt
Nodes in networkX: 369
Nodes in networkY: 3848
Total K nodes    : 3479
Total paths      : 67896

-=[Run parameters]=-
Running mode     : normal
Edge distance    : no weights used
Group size       : 1000
Number of groups : 68
First group      : 1
Last group       : 68
Maxdistance      : 100
Maxnode          : 100
Maxtime (s)      : 10

-=[Miscellaneous]=-
Seed             : clock time

===============================================================================

============================ PARTIAL RESULTS ==================================
Group	B	R	I	D	E	S	Total	CPU time (ms)
5	0	933	0	0	67	0	1000	28581220	
3	0	925	0	1	74	0	1000	29359910	
15	0	764	0	0	236	0	1000	29775020	
7	0	897	0	0	100	3	1000	30314470	
21	0	957	0	0	40	3	1000	30785030	
9	0	960	0	0	40	0	1000	30611320	
33	0	947	0	0	52	1	1000	30614670	
37	0	903	0	0	97	0	1000	30945970	
48	0	954	0	0	46	0	1000	31066250	
52	0	843	0	1	156	0	1000	31146250	
43	0	964	0	0	33	3	1000	31380420	
50	0	875	0	0	112	13	1000	31889410	
11	0	887	0	0	112	1	1000	31810780	
68	0	845	0	0	51	0	896	33790850	
17	0	976	0	0	24	0	1000	32697760	
47	0	961	0	0	36	3	1000	32649860	
62	0	887	0	0	107	6	1000	33096550	
19	0	855	0	1	142	2	1000	33067000	
13	0	955	0	0	45	0	1000	32990600	
23	0	929	0	0	68	3	1000	33238010	
51	0	879	0	0	119	2	1000	33107940	
25	0	900	0	0	100	0	1000	33211050	
53	0	885	0	0	113	2	1000	33514970	
49	0	927	0	0	73	0	1000	33791660	
54	0	923	0	0	76	1	1000	33961260	
46	0	940	0	0	56	4	1000	34087870	
27	0	982	0	0	17	1	1000	34296590	
56	0	961	0	0	38	1	1000	34565400	
65	0	949	0	0	50	1	1000	34788040	
64	0	951	0	0	49	0	1000	34952850	
31	0	917	0	2	80	1	1000	34988880	
60	0	882	0	0	116	2	1000	35197450	
58	0	964	0	2	34	0	1000	36040310	
66	0	947	0	0	51	2	1000	36069150	
67	0	901	0	1	96	2	1000	36343360	
63	0	835	0	0	160	5	1000	36340640	
61	0	886	0	0	109	5	1000	36753510	
57	0	912	0	0	86	2	1000	36340580	
55	0	930	0	0	69	1	1000	36282080	
41	0	944	0	5	51	0	1000	36920910	
42	0	957	0	2	40	1	1000	37009150	
45	0	941	0	3	55	1	1000	37589210	
59	0	911	0	7	82	0	1000	37492420	
35	0	944	0	6	49	1	1000	38059910	
39	0	954	0	16	30	0	1000	38285490	
44	0	902	0	25	73	0	1000	39690650	
29	0	860	0	115	25	0	1000	41931720	
1	0	847	0	106	46	1	1000	37252380	
6	0	402	0	527	71	0	1000	18101400	
14	0	533	0	357	110	0	1000	14826080	
4	0	489	0	412	94	5	1000	18490890	
16	0	422	0	508	70	0	1000	18053650	
8	0	341	0	560	99	0	1000	17819060	
10	0	366	0	571	63	0	1000	17959070	
18	0	346	0	613	41	0	1000	16783630	
12	0	385	0	563	52	0	1000	18318470	
20	0	356	0	527	116	1	1000	17556470	
34	0	425	0	492	80	3	1000	19298850	
38	0	421	0	497	78	4	1000	19172970	
32	0	273	0	642	82	3	1000	16592470	
26	0	343	0	605	51	1	1000	18096890	
24	0	331	0	558	102	9	1000	18019740	
22	0	441	0	515	41	3	1000	20594330	
28	0	305	0	616	73	6	1000	18233160	
40	0	256	0	662	82	0	1000	16301310	
36	0	271	0	681	48	0	1000	16937270	
30	0	199	0	670	131	0	1000	14904890	
2	0	253	0	687	60	0	1000	14397620	

================================= INFO =======================================
(B) reakthrough : pathway impossible in network X but possible in network Y.
(R) oadblock    : pathway possible in network X but impossible in network Y.
(I) mpasse      : pathway impossible in both X and Y networks.
(D) etour       : pathway shorter in network X than in network Y.
(E) qual        : pathway of same length in networks X and Y.
(S) hortcut     : pathway longer in network X than in network Y.

================================ RESULTS ======================================
	B	R	I	D	E	S	Total	Time (s)
	0	51106	0	11556	5125	109	67896	7221
===============================================================================
